680 Jugador1 2 32 68
550 Jugador2 3 15 22
780 Jugador3 1 25 44
920 Jugador4 0 18 35
620 Jugador5 2 22 70
450 Jugador6 4 10 15
310 Jugador7 1 30 50
490 Jugador8 3 28 20
570 Jugador9 2 35 25
750 Jugador10 0 12 40
680 Jugador11 1 14 30
810 Jugador12 2 18 55
400 Jugador13 3 20 10
690 Jugador14 1 29 60
530 Jugador15 4 25 45
730 Jugador16 2 32 70
850 Jugador17 0 12 22
490 Jugador18 3 14 34
660 Jugador19 1 10 55
800 Jugador20 2 18 50
520 Jugador21 4 20 40
390 Jugador22 3 30 20
610 Jugador23 1 28 70
730 Jugador24 2 19 45
470 Jugador25 3 15 22
580 Jugador26 0 24 30
620 Jugador27 2 31 55
790 Jugador28 1 12 65
480 Jugador29 3 20 40
550 Jugador30 2 18 30
600 Jugador31 4 16 50
710 Jugador32 1 22 60
830 Jugador33 2 29 35
940 Jugador34 0 10 25
370 Jugador35 3 21 45
650 Jugador36 1 18 50
480 Jugador37 4 15 20
510 Jugador38 3 10 30
630 Jugador39 2 28 40
720 Jugador40 0 12 45
490 Jugador41 3 20 60
580 Jugador42 1 14 22
690 Jugador43 4 25 35
750 Jugador44 2 19 50
850 Jugador45 0 30 20
310 Jugador46 3 22 45
430 Jugador47 1 10 25
520 Jugador48 4 30 55
690 Jugador49 2 14 40
800 Jugador50 0 18 50